Fri Apr 21 10:34:55 CST 2017
TrainRatingFile: D:\workspaces\eclipse\javaee\LocRec\data\Rating_Train
TestRatingFile : D:\workspaces\eclipse\javaee\LocRec\data\Rating_Test

TestTotalRecordNum=24900
TestPlaceNum      =9589
TestMinPlaceID    =0
TestMaxPlaceID    =13473
TestUserNum       = 2521
TestMinUserID     =0
TestMaxUserID     =2550
TestNumOfUserWhoHasCheckins=2521

K=5
===============
Precison=0.06545021816739394, Recall=0.039090108649981484
MAP=0.041167095758904516, AUC=0.8476509366919714

K=8
===============
Precison=0.05295517651725506, Recall=0.049452367100938234
MAP=0.041167095758904516, AUC=0.8476509366919714

K=10
===============
Precison=0.04795715985719964, Recall=0.05613714360133746
MAP=0.041167095758904516, AUC=0.8476509366919714

K=12
===============
Precison=0.04442681475604911, Recall=0.061896920066056696
MAP=0.041167095758904516, AUC=0.8476509366919714

K=15
===============
Precison=0.04077746925823077, Recall=0.07080593554863439
MAP=0.041167095758904516, AUC=0.8476509366919714

K=20
===============
Precison=0.036076953589845445, Recall=0.0832943550633125
MAP=0.041167095758904516, AUC=0.8476509366919714

Precision@5	Precision@8	Precision@10	Precision@12	Precision@15	Precision@20	Recall@5	Recall@8	Recall@10	Recall@12	Recall@15	Recall@20	MAP	AUC
0.06545021816739394	0.05295517651725506	0.04795715985719964	0.04442681475604911	0.04077746925823077	0.036076953589845445	0.039090108649981484	0.049452367100938234	0.05613714360133746	0.061896920066056696	0.07080593554863439	0.0832943550633125	0.041167095758904516	0.8476509366919714
